0.000002	11	-1	1
0.056760	25	-8	7
0.113735	39	-32	24
0.170583	54	-89	57
0.227492	42	-202	113
0.284438	142	-400	198
0.341416	-32	-690	290
0.398222	-42	-1073	383
0.455071	317	-1521	448
0.512013	319	-2030	509
0.569069	816	-2580	550
0.625817	88	-3161	581
0.682748	26	-3764	603
0.739978	-88	-4383	619
0.796519	-95	-5036	653
0.853649	-60	-5717	681
0.910252	568	-6431	714
0.967258	63	-7168	737
1.024185	-243	-7905	737
1.081118	597	-8633	728
1.138087	-113	-9359	726
1.195090	-48	-10065	706
1.252164	-104	-10732	667
1.309058	-206	-11353	621
1.365730	55	-11917	564
1.422581	133	-12421	504
1.479671	67	-12872	451
1.536197	11	-13274	402
1.593246	30	-13631	357
1.650081	-217	-13951	320
1.706968	78	-14223	272
1.763827	-1	-14461	238
